 
NYC_MAX:
                 TMAX_USC00300889  TMAX_USC00305426  TMAX_USW00094745  \
TMAX_USC00300889          1.000000          0.949665          0.963172   
TMAX_USC00305426          0.949665          1.000000          0.969197   
TMAX_USW00094745          0.963172          0.969197          1.000000   
TMAX_USC00283951          0.925395          0.943673          0.917195   
TMAX_USW00014734          0.961987          0.967170          0.987811   

                  TMAX_USC00283951  TMAX_USW00014734  
TMAX_USC00300889          0.925395          0.961987  
TMAX_USC00305426          0.943673          0.967170  
TMAX_USW00094745          0.917195          0.987811  
TMAX_USC00283951          1.000000          0.916735  
TMAX_USW00014734          0.916735          1.000000 


NYC_MIN:


                  TMIN_USC00300889  TMIN_USC00305426  TMIN_USW00094745  \
TMIN_USC00300889          1.000000          0.938266          0.958629   
TMIN_USC00305426          0.938266          1.000000          0.969201   
TMIN_USW00094745          0.958629          0.969201          1.000000   
TMIN_USC00283951          0.954916          0.943035          0.956407   
TMIN_USW00014734          0.953476          0.973438          0.983732   

                  TMIN_USC00283951  TMIN_USW00014734  
TMIN_USC00300889          0.954916          0.953476  
TMIN_USC00305426          0.943035          0.973438  
TMIN_USW00094745          0.956407          0.983732  
TMIN_USC00283951          1.000000          0.959202  
TMIN_USW00014734          0.959202          1.000000 


NYC_SNOW

                  SNOW_USC00300889  SNOW_USC00305426  SNOW_USW00094745  \
SNOW_USC00300889          1.000000          0.419590          0.371333   
SNOW_USC00305426          0.419590          1.000000          0.453113   
SNOW_USW00094745          0.371333          0.453113          1.000000   
SNOW_USC00283951          0.552431          0.482675          0.435838   
SNOW_USW00014734          0.661293          0.473820          0.401526   

                  SNOW_USC00283951  SNOW_USW00014734  
SNOW_USC00300889          0.552431          0.661293  
SNOW_USC00305426          0.482675          0.473820  
SNOW_USW00094745          0.435838          0.401526  
SNOW_USC00283951          1.000000          0.471457  
SNOW_USW00014734          0.471457          1.000000 

NYC_SNWD


                  SNWD_USC00300889  SNWD_USC00305426  SNWD_USW00094745  \
SNWD_USC00300889          1.000000          0.441816          0.283565   
SNWD_USC00305426          0.441816          1.000000          0.311591   
SNWD_USW00094745          0.283565          0.311591          1.000000   
SNWD_USC00283951          0.707897          0.530704          0.393704   
SNWD_USW00014734          0.720874          0.507924          0.380402   

                  SNWD_USC00283951  SNWD_USW00014734  
SNWD_USC00300889          0.707897          0.720874  
SNWD_USC00305426          0.530704          0.507924  
SNWD_USW00094745          0.393704          0.380402  
SNWD_USC00283951          1.000000          0.905422  
SNWD_USW00014734          0.905422          1.000000 

NYC_PRCP

                  PRCP_USC00300889  PRCP_USC00305426  PRCP_USW00094745  \
PRCP_USC00300889          1.000000          0.508703          0.455534   
PRCP_USC00305426          0.508703          1.000000          0.575704   
PRCP_USW00094745          0.455534          0.575704          1.000000   
PRCP_USC00283951          0.472343          0.543111          0.411249   
PRCP_USW00014734          0.449696          0.523968          0.687953   

                  PRCP_USC00283951  PRCP_USW00014734  
PRCP_USC00300889          0.472343          0.449696  
PRCP_USC00305426          0.543111          0.523968  
PRCP_USW00094745          0.411249          0.687953  
PRCP_USC00283951          1.000000          0.326849  
PRCP_USW00014734          0.326849          1.000000

ATL_TMAX

TMAX_USC00092283  TMAX_USC00092485  TMAX_USC00093060  \
TMAX_USC00092283          1.000000          0.950504          0.962978   
TMAX_USC00092485          0.950504          1.000000          0.942553   
TMAX_USC00093060          0.962978          0.942553          1.000000   
TMAX_USC00093621          0.968908          0.973715          0.955971   
TMAX_USW00093842          0.910559          0.909701          0.912899   
TMAX_USC00018469          0.940214          0.974839          0.931297   
TMAX_USW00013871          0.899492          0.898271          0.896537   

                  TMAX_USC00093621  TMAX_USW00093842  TMAX_USC00018469  \
TMAX_USC00092283          0.968908          0.910559          0.940214   
TMAX_USC00092485          0.973715          0.909701          0.974839   
TMAX_USC00093060          0.955971          0.912899          0.931297   
TMAX_USC00093621          1.000000          0.901979          0.957695   
TMAX_USW00093842          0.901979          1.000000          0.920977   
TMAX_USC00018469          0.957695          0.920977          1.000000   
TMAX_USW00013871          0.888031          0.971117          0.915209   

                  TMAX_USW00013871  
TMAX_USC00092283          0.899492  
TMAX_USC00092485          0.898271  
TMAX_USC00093060          0.896537  
TMAX_USC00093621          0.888031  
TMAX_USW00093842          0.971117  
TMAX_USC00018469          0.915209  
TMAX_USW00013871          1.000000  

CH_TMAX

 TMAX_USC00472869  TMAX_USC00473058  TMAX_USC00473453  \
TMAX_USC00472869          1.000000          0.987823          0.971464   
TMAX_USC00473058          0.987823          1.000000          0.968089   
TMAX_USC00473453          0.971464          0.968089          1.000000   
TMAX_USC00476200          0.971216          0.965024          0.985496   
TMAX_USW00014839          0.932875          0.930203          0.945411   
TMAX_USC00125174          0.956732          0.950136          0.956279   
TMAX_USC00113262          0.971758          0.963013          0.948224   

                  TMAX_USC00476200  TMAX_USW00014839  TMAX_USC00125174  \
TMAX_USC00472869          0.971216          0.932875          0.956732   
TMAX_USC00473058          0.965024          0.930203          0.950136   
TMAX_USC00473453          0.985496          0.945411          0.956279   
TMAX_USC00476200          1.000000          0.946476          0.958506   
TMAX_USW00014839          0.946476          1.000000          0.935320   
TMAX_USC00125174          0.958506          0.935320          1.000000   
TMAX_USC00113262          0.947329          0.939634          0.938081   

                  TMAX_USC00113262  
TMAX_USC00472869          0.971758  
TMAX_USC00473058          0.963013  
TMAX_USC00473453          0.948224  
TMAX_USC00476200          0.947329  
TMAX_USW00014839          0.939634  
TMAX_USC00125174          0.938081  
TMAX_USC00113262          1.000000

LA_TMAX


                  TMAX_USC00041194  TMAX_USC00046624  TMAX_USC00046719  \
TMAX_USC00041194          1.000000          0.789039          0.919354   
TMAX_USC00046624          0.789039          1.000000          0.858247   
TMAX_USC00046719          0.919354          0.858247          1.000000   
TMAX_USC00047888          0.878682          0.719199          0.903626   
TMAX_USC00049152          0.861101          0.627810          0.874634   
TMAX_USC00049785          0.907587          0.875735          0.938829   

                  TMAX_USC00047888  TMAX_USC00049152  TMAX_USC00049785  
TMAX_USC00041194          0.878682          0.861101          0.907587  
TMAX_USC00046624          0.719199          0.627810          0.875735  
TMAX_USC00046719          0.903626          0.874634          0.938829  
TMAX_USC00047888          1.000000          0.927143          0.862860  
TMAX_USC00049152          0.927143          1.000000          0.812663  
TMAX_USC00049785          0.862860          0.812663          1.000000  

SF_TMAX

 TMAX_USC00043578  TMAX_USC00045795  TMAX_USC00047916  \
TMAX_USC00043578          1.000000          0.600528          0.739781   
TMAX_USC00045795          0.600528          1.000000          0.773406   
TMAX_USC00047916          0.739781          0.773406          1.000000   
TMAX_USC00049742          0.894503          0.506106          0.666193   
TMAX_USW00023271          0.868038          0.584393          0.722691   
TMAX_USW00023272          0.663558          0.858974          0.755077   

                  TMAX_USC00049742  TMAX_USW00023271  TMAX_USW00023272  
TMAX_USC00043578          0.894503          0.868038          0.663558  
TMAX_USC00045795          0.506106          0.584393          0.858974  
TMAX_USC00047916          0.666193          0.722691          0.755077  
TMAX_USC00049742          1.000000          0.926079          0.563801  
TMAX_USW00023271          0.926079          1.000000          0.669538  
TMAX_USW00023272          0.563801          0.669538          1.000000  

SD_TMAX

     TMAX_USC00040983  TMAX_USC00042239  TMAX_USC00043914  \
TMAX_USC00040983          1.000000          0.909123          0.890611   
TMAX_USC00042239          0.909123          1.000000          0.937859   
TMAX_USC00043914          0.890611          0.937859          1.000000   
TMAX_USC00044223          0.963431          0.899407          0.881659   
TMAX_USW00003164          0.900046          0.885791          0.880609   

                  TMAX_USC00044223  TMAX_USW00003164  
TMAX_USC00040983          0.963431          0.900046  
TMAX_USC00042239          0.899407          0.885791  
TMAX_USC00043914          0.881659          0.880609  
TMAX_USC00044223          1.000000          0.906180  
TMAX_USW00003164          0.906180          1.000000


ATL_TMIN

TMIN_USC00092283  TMIN_USC00092485  TMIN_USC00093060  \
TMIN_USC00092283          1.000000          0.974099          0.957396   
TMIN_USC00092485          0.974099          1.000000          0.952896   
TMIN_USC00093060          0.957396          0.952896          1.000000   
TMIN_USC00093621          0.984787          0.976621          0.965988   
TMIN_USW00093842          0.950136          0.955219          0.935758   
TMIN_USC00018469          0.952947          0.971381          0.934732   
TMIN_USW00013871          0.932826          0.944019          0.917053   

                  TMIN_USC00093621  TMIN_USW00093842  TMIN_USC00018469  \
TMIN_USC00092283          0.984787          0.950136          0.952947   
TMIN_USC00092485          0.976621          0.955219          0.971381   
TMIN_USC00093060          0.965988          0.935758          0.934732   
TMIN_USC00093621          1.000000          0.953567          0.953995   
TMIN_USW00093842          0.953567          1.000000          0.944347   
TMIN_USC00018469          0.953995          0.944347          1.000000   
TMIN_USW00013871          0.937071          0.974021          0.942410   

                  TMIN_USW00013871  
TMIN_USC00092283          0.932826  
TMIN_USC00092485          0.944019  
TMIN_USC00093060          0.917053  
TMIN_USC00093621          0.937071  
TMIN_USW00093842          0.974021  
TMIN_USC00018469          0.942410  
TMIN_USW00013871          1.000000  

CH_TMIN

TMIN_USC00472869  TMIN_USC00473058  TMIN_USC00473453  \
TMIN_USC00472869          1.000000          0.969492          0.960119   
TMIN_USC00473058          0.969492          1.000000          0.955734   
TMIN_USC00473453          0.960119          0.955734          1.000000   
TMIN_USC00476200          0.965653          0.955686          0.976439   
TMIN_USW00014839          0.949122          0.950519          0.951847   
TMIN_USC00125174          0.952302          0.943020          0.943806   
TMIN_USC00113262          0.963116          0.950727          0.944557   

                  TMIN_USC00476200  TMIN_USW00014839  TMIN_USC00125174  \
TMIN_USC00472869          0.965653          0.949122          0.952302   
TMIN_USC00473058          0.955686          0.950519          0.943020   
TMIN_USC00473453          0.976439          0.951847          0.943806   
TMIN_USC00476200          1.000000          0.960669          0.952385   
TMIN_USW00014839          0.960669          1.000000          0.945415   
TMIN_USC00125174          0.952385          0.945415          1.000000   
TMIN_USC00113262          0.950529          0.954338          0.943277   

                  TMIN_USC00113262  
TMIN_USC00472869          0.963116  
TMIN_USC00473058          0.950727  
TMIN_USC00473453          0.944557  
TMIN_USC00476200          0.950529  
TMIN_USW00014839          0.954338  
TMIN_USC00125174          0.943277  
TMIN_USC00113262          1.000000  

LA_TMIN

                  TMIN_USC00472869  TMIN_USC00473058  TMIN_USC00473453  \
TMIN_USC00472869          1.000000          0.969492          0.960119   
TMIN_USC00473058          0.969492          1.000000          0.955734   
TMIN_USC00473453          0.960119          0.955734          1.000000   
TMIN_USC00476200          0.965653          0.955686          0.976439   
TMIN_USW00014839          0.949122          0.950519          0.951847   
TMIN_USC00125174          0.952302          0.943020          0.943806   
TMIN_USC00113262          0.963116          0.950727          0.944557   

                  TMIN_USC00476200  TMIN_USW00014839  TMIN_USC00125174  \
TMIN_USC00472869          0.965653          0.949122          0.952302   
TMIN_USC00473058          0.955686          0.950519          0.943020   
TMIN_USC00473453          0.976439          0.951847          0.943806   
TMIN_USC00476200          1.000000          0.960669          0.952385   
TMIN_USW00014839          0.960669          1.000000          0.945415   
TMIN_USC00125174          0.952385          0.945415          1.000000   
TMIN_USC00113262          0.950529          0.954338          0.943277   

                  TMIN_USC00113262  
TMIN_USC00472869          0.963116  
TMIN_USC00473058          0.950727  
TMIN_USC00473453          0.944557  
TMIN_USC00476200          0.950529  
TMIN_USW00014839          0.954338  
TMIN_USC00125174          0.943277  
TMIN_USC00113262          1.000000  

SD_TMIN

TMIN_USC00040983  TMIN_USC00042239  TMIN_USC00043914  \
TMIN_USC00040983          1.000000          0.876671          0.828442   
TMIN_USC00042239          0.876671          1.000000          0.808759   
TMIN_USC00043914          0.828442          0.808759          1.000000   
TMIN_USC00044223          0.926561          0.869298          0.842865   
TMIN_USW00003164          0.768255          0.768063          0.848466   

                  TMIN_USC00044223  TMIN_USW00003164  
TMIN_USC00040983          0.926561          0.768255  
TMIN_USC00042239          0.869298          0.768063  
TMIN_USC00043914          0.842865          0.848466  
TMIN_USC00044223          1.000000          0.763124  
TMIN_USW00003164          0.763124          1.000000  

SF_TMIN

  TMIN_USC00043578  TMIN_USC00045795  TMIN_USC00047916  \
TMIN_USC00043578          1.000000          0.773245          0.875948   
TMIN_USC00045795          0.773245          1.000000          0.863843   
TMIN_USC00047916          0.875948          0.863843          1.000000   
TMIN_USC00049742          0.809673          0.725458          0.824087   
TMIN_USW00023271          0.822961          0.772047          0.849067   
TMIN_USW00023272          0.774539          0.855064          0.808545   

                  TMIN_USC00049742  TMIN_USW00023271  TMIN_USW00023272  
TMIN_USC00043578          0.809673          0.822961          0.774539  
TMIN_USC00045795          0.725458          0.772047          0.855064  
TMIN_USC00047916          0.824087          0.849067          0.808545  
TMIN_USC00049742          1.000000          0.933714          0.772974  
TMIN_USW00023271          0.933714          1.000000          0.808318  
TMIN_USW00023272          0.772974          0.808318          1.000000  

ATL_SNOW

 SNOW_USC00092283  SNOW_USC00092485  SNOW_USC00093060  \
SNOW_USC00092283          1.000000          0.469979          0.066286   
SNOW_USC00092485          0.469979          1.000000          0.352632   
SNOW_USC00093060          0.066286          0.352632          1.000000   
SNOW_USC00093621          0.467008          0.616236          0.446338   
SNOW_USW00093842          0.026886          0.411723         -0.000576   
SNOW_USC00018469          0.225202          0.696820          0.315093   
SNOW_USW00013871          0.273702          0.626255         -0.000551   

                  SNOW_USC00093621  SNOW_USW00093842  SNOW_USC00018469  \
SNOW_USC00092283          0.467008          0.026886          0.225202   
SNOW_USC00092485          0.616236          0.411723          0.696820   
SNOW_USC00093060          0.446338         -0.000576          0.315093   
SNOW_USC00093621          1.000000          0.027524          0.396290   
SNOW_USW00093842          0.027524          1.000000          0.447067   
SNOW_USC00018469          0.396290          0.447067          1.000000   
SNOW_USW00013871          0.152312          0.578842          0.586994   

                  SNOW_USW00013871  
SNOW_USC00092283          0.273702  
SNOW_USC00092485          0.626255  
SNOW_USC00093060         -0.000551  
SNOW_USC00093621          0.152312  
SNOW_USW00093842          0.578842  
SNOW_USC00018469          0.586994  
SNOW_USW00013871          1.000000

CH_SNOW

SNOW_USC00472869  SNOW_USC00473058  SNOW_USC00473453  \
SNOW_USC00472869          1.000000          0.756694          0.674957   
SNOW_USC00473058          0.756694          1.000000          0.681328   
SNOW_USC00473453          0.674957          0.681328          1.000000   
SNOW_USC00476200          0.704040          0.696503          0.758859   
SNOW_USW00014839          0.377255          0.379807          0.448768   
SNOW_USC00125174          0.333734          0.315614          0.306640   
SNOW_USC00113262          0.378760          0.286586          0.335047   

                  SNOW_USC00476200  SNOW_USW00014839  SNOW_USC00125174  \
SNOW_USC00472869          0.704040          0.377255          0.333734   
SNOW_USC00473058          0.696503          0.379807          0.315614   
SNOW_USC00473453          0.758859          0.448768          0.306640   
SNOW_USC00476200          1.000000          0.482641          0.343327   
SNOW_USW00014839          0.482641          1.000000          0.319543   
SNOW_USC00125174          0.343327          0.319543          1.000000   
SNOW_USC00113262          0.306997          0.355452          0.202533   

                  SNOW_USC00113262  
SNOW_USC00472869          0.378760  
SNOW_USC00473058          0.286586  
SNOW_USC00473453          0.335047  
SNOW_USC00476200          0.306997  
SNOW_USW00014839          0.355452  
SNOW_USC00125174          0.202533  
SNOW_USC00113262          1.000000 

SD_SNOW


                  SNOW_USC00040983  SNOW_USC00042239  SNOW_USC00043914  \
SNOW_USC00040983               NaN               NaN               NaN   
SNOW_USC00042239               NaN          1.000000          0.357420   
SNOW_USC00043914               NaN          0.357420          1.000000   
SNOW_USC00044223               NaN               NaN               NaN   
SNOW_USW00003164               NaN          0.061951         -0.000372   

                  SNOW_USC00044223  SNOW_USW00003164  
SNOW_USC00040983               NaN               NaN  
SNOW_USC00042239               NaN          0.061951  
SNOW_USC00043914               NaN         -0.000372  
SNOW_USC00044223               NaN               NaN  
SNOW_USW00003164               NaN          1.000000 


SF_SNOW

SNOW_USC00043578  SNOW_USC00045795  SNOW_USC00047916  \
SNOW_USC00043578               NaN               NaN               NaN   
SNOW_USC00045795               NaN          1.000000               NaN   
SNOW_USC00047916               NaN               NaN               NaN   
SNOW_USC00049742               NaN          0.059015               NaN   
SNOW_USW00023271               NaN         -0.000194               NaN   
SNOW_USW00023272               NaN               NaN               NaN   

                  SNOW_USC00049742  SNOW_USW00023271  SNOW_USW00023272  
SNOW_USC00043578               NaN               NaN               NaN  
SNOW_USC00045795          0.059015         -0.000194               NaN  
SNOW_USC00047916               NaN               NaN               NaN  
SNOW_USC00049742          1.000000         -0.000129               NaN  
SNOW_USW00023271         -0.000129          1.000000               NaN  
SNOW_USW00023272               NaN               NaN               NaN  


ATL_SNWD

SNWD_USC00092283  SNWD_USC00092485  SNWD_USC00093060  \
SNWD_USC00092283          1.000000          0.118882          0.038609   
SNWD_USC00092485          0.118882          1.000000          0.197404   
SNWD_USC00093060          0.038609          0.197404          1.000000   
SNWD_USC00093621          0.092782          0.280774          0.372335   
SNWD_USW00093842          0.190042          0.094470         -0.000429   
SNWD_USC00018469          0.166406          0.363381          0.168329   
SNWD_USW00013871          0.049483          0.265692         -0.000471   

                  SNWD_USC00093621  SNWD_USW00093842  SNWD_USC00018469  \
SNWD_USC00092283          0.092782          0.190042          0.166406   
SNWD_USC00092485          0.280774          0.094470          0.363381   
SNWD_USC00093060          0.372335         -0.000429          0.168329   
SNWD_USC00093621          1.000000         -0.000618          0.204812   
SNWD_USW00093842         -0.000618          1.000000          0.279899   
SNWD_USC00018469          0.204812          0.279899          1.000000   
SNWD_USW00013871         -0.000677          0.253926          0.691721   

                  SNWD_USW00013871  
SNWD_USC00092283          0.049483  
SNWD_USC00092485          0.265692  
SNWD_USC00093060         -0.000471  
SNWD_USC00093621         -0.000677  
SNWD_USW00093842          0.253926  
SNWD_USC00018469          0.691721  
SNWD_USW00013871          1.000000  

CH_SNWD

SNWD_USC00472869  SNWD_USC00473058  SNWD_USC00473453  \
SNWD_USC00472869          1.000000          0.834176          0.796802   
SNWD_USC00473058          0.834176          1.000000          0.721423   
SNWD_USC00473453          0.796802          0.721423          1.000000   
SNWD_USC00476200          0.837756          0.767215          0.902360   
SNWD_USW00014839          0.819123          0.726432          0.843228   
SNWD_USC00125174          0.378879          0.354458          0.320082   
SNWD_USC00113262          0.750607          0.699665          0.807590   

                  SNWD_USC00476200  SNWD_USW00014839  SNWD_USC00125174  \
SNWD_USC00472869          0.837756          0.819123          0.378879   
SNWD_USC00473058          0.767215          0.726432          0.354458   
SNWD_USC00473453          0.902360          0.843228          0.320082   
SNWD_USC00476200          1.000000          0.872266          0.325152   
SNWD_USW00014839          0.872266          1.000000          0.385563   
SNWD_USC00125174          0.325152          0.385563          1.000000   
SNWD_USC00113262          0.822792          0.813233          0.344726   

                  SNWD_USC00113262  
SNWD_USC00472869          0.750607  
SNWD_USC00473058          0.699665  
SNWD_USC00473453          0.807590  
SNWD_USC00476200          0.822792  
SNWD_USW00014839          0.813233  
SNWD_USC00125174          0.344726  
SNWD_USC00113262          1.000000  

LA_SNWD

    SNWD_USC00041194  SNWD_USC00046624  SNWD_USC00046719  \
SNWD_USC00041194               NaN               NaN               NaN   
SNWD_USC00046624               NaN               NaN               NaN   
SNWD_USC00046719               NaN               NaN               NaN   
SNWD_USC00047888               NaN               NaN               NaN   
SNWD_USC00049152               NaN               NaN               NaN   
SNWD_USC00049785               NaN               NaN               NaN   

                  SNWD_USC00047888  SNWD_USC00049152  SNWD_USC00049785  
SNWD_USC00041194               NaN               NaN               NaN  
SNWD_USC00046624               NaN               NaN               NaN  
SNWD_USC00046719               NaN               NaN               NaN  
SNWD_USC00047888               NaN               NaN               NaN  
SNWD_USC00049152               NaN               NaN               NaN  
SNWD_USC00049785               NaN               NaN               NaN 

SD_SNWD

 SNWD_USC00040983  SNWD_USC00042239  SNWD_USC00043914  \
SNWD_USC00040983               NaN               NaN               NaN   
SNWD_USC00042239               NaN          1.000000          0.017552   
SNWD_USC00043914               NaN          0.017552          1.000000   
SNWD_USC00044223               NaN               NaN               NaN   
SNWD_USW00003164               NaN          0.137968         -0.000260   

                  SNWD_USC00044223  SNWD_USW00003164  
SNWD_USC00040983               NaN               NaN  
SNWD_USC00042239               NaN          0.137968  
SNWD_USC00043914               NaN         -0.000260  
SNWD_USC00044223               NaN               NaN  
SNWD_USW00003164               NaN          1.000000  


ATL_PRCP

PRCP_USC00092283  PRCP_USC00092485  PRCP_USC00093060  \
PRCP_USC00092283          1.000000          0.655097          0.627008   
PRCP_USC00092485          0.655097          1.000000          0.528960   
PRCP_USC00093060          0.627008          0.528960          1.000000   
PRCP_USC00093621          0.795185          0.719525          0.624836   
PRCP_USW00093842          0.198409          0.252524          0.156174   
PRCP_USC00018469          0.513506          0.563822          0.354060   
PRCP_USW00013871          0.172306          0.227769          0.115927   

                  PRCP_USC00093621  PRCP_USW00093842  PRCP_USC00018469  \
PRCP_USC00092283          0.795185          0.198409          0.513506   
PRCP_USC00092485          0.719525          0.252524          0.563822   
PRCP_USC00093060          0.624836          0.156174          0.354060   
PRCP_USC00093621          1.000000          0.228253          0.523477   
PRCP_USW00093842          0.228253          1.000000          0.297730   
PRCP_USC00018469          0.523477          0.297730          1.000000   
PRCP_USW00013871          0.196643          0.498166          0.327643   

                  PRCP_USW00013871  
PRCP_USC00092283          0.172306  
PRCP_USC00092485          0.227769  
PRCP_USC00093060          0.115927  
PRCP_USC00093621          0.196643  
PRCP_USW00093842          0.498166  
PRCP_USC00018469          0.327643  
PRCP_USW00013871          1.000000  

CH_PRCP

PRCP_USC00472869  PRCP_USC00473058  PRCP_USC00473453  \
PRCP_USC00472869          1.000000          0.689372          0.607585   
PRCP_USC00473058          0.689372          1.000000          0.669717   
PRCP_USC00473453          0.607585          0.669717          1.000000   
PRCP_USC00476200          0.632527          0.585318          0.726370   
PRCP_USW00014839          0.328816          0.367993          0.421787   
PRCP_USC00125174          0.281570          0.251485          0.263831   
PRCP_USC00113262          0.449650          0.377610          0.314643   

                  PRCP_USC00476200  PRCP_USW00014839  PRCP_USC00125174  \
PRCP_USC00472869          0.632527          0.328816          0.281570   
PRCP_USC00473058          0.585318          0.367993          0.251485   
PRCP_USC00473453          0.726370          0.421787          0.263831   
PRCP_USC00476200          1.000000          0.411601          0.269526   
PRCP_USW00014839          0.411601          1.000000          0.260459   
PRCP_USC00125174          0.269526          0.260459          1.000000   
PRCP_USC00113262          0.287115          0.328994          0.215708   

                  PRCP_USC00113262  
PRCP_USC00472869          0.449650  
PRCP_USC00473058          0.377610  
PRCP_USC00473453          0.314643  
PRCP_USC00476200          0.287115  
PRCP_USW00014839          0.328994  
PRCP_USC00125174          0.215708  
PRCP_USC00113262          1.000000  

LA_PRCP

 PRCP_USC00041194  PRCP_USC00046624  PRCP_USC00046719  \
PRCP_USC00041194          1.000000          0.650092          0.717807   
PRCP_USC00046624          0.650092          1.000000          0.760509   
PRCP_USC00046719          0.717807          0.760509          1.000000   
PRCP_USC00047888          0.642802          0.699117          0.788588   
PRCP_USC00049152          0.722164          0.712918          0.861811   
PRCP_USC00049785          0.706365          0.731410          0.788559   

                  PRCP_USC00047888  PRCP_USC00049152  PRCP_USC00049785  
PRCP_USC00041194          0.642802          0.722164          0.706365  
PRCP_USC00046624          0.699117          0.712918          0.731410  
PRCP_USC00046719          0.788588          0.861811          0.788559  
PRCP_USC00047888          1.000000          0.828687          0.716810  
PRCP_USC00049152          0.828687          1.000000          0.835982  
PRCP_USC00049785          0.716810          0.835982          1.000000

SD_PRCP

PRCP_USC00040983  PRCP_USC00042239  PRCP_USC00043914  \
PRCP_USC00040983          1.000000          0.518971          0.562728   
PRCP_USC00042239          0.518971          1.000000          0.859698   
PRCP_USC00043914          0.562728          0.859698          1.000000   
PRCP_USC00044223          0.425047          0.221368          0.206937   
PRCP_USW00003164          0.591159          0.717117          0.768728   

                  PRCP_USC00044223  PRCP_USW00003164  
PRCP_USC00040983          0.425047          0.591159  
PRCP_USC00042239          0.221368          0.717117  
PRCP_USC00043914          0.206937          0.768728  
PRCP_USC00044223          1.000000          0.400038  
PRCP_USW00003164          0.400038          1.000000  

SF_PRCP

  PRCP_USC00043578  PRCP_USC00045795  PRCP_USC00047916  \
PRCP_USC00043578          1.000000          0.618600          0.720685   
PRCP_USC00045795          0.618600          1.000000          0.750712   
PRCP_USC00047916          0.720685          0.750712          1.000000   
PRCP_USC00049742          0.812961          0.645877          0.719130   
PRCP_USW00023271          0.633869          0.616065          0.607253   
PRCP_USW00023272          0.623863          0.612386          0.646948   

                  PRCP_USC00049742  PRCP_USW00023271  PRCP_USW00023272  
PRCP_USC00043578          0.812961          0.633869          0.623863  
PRCP_USC00045795          0.645877          0.616065          0.612386  
PRCP_USC00047916          0.719130          0.607253          0.646948  
PRCP_USC00049742          1.000000          0.595812          0.546373  
PRCP_USW00023271          0.595812          1.000000          0.786289  
PRCP_USW00023272          0.546373          0.786289          1.000000  
















